MergeSort Serial:
16.417515
16.368426
16.345138
16.376377
16.343841
16.355446
16.360284
16.430378
16.383506
16.398573
Media:	16.377948
Desvio:	0.028146

MergeSort Paralelo 1 threads:
16.412667
16.418105
16.351873
16.369980
16.374311
16.377093
16.399836
16.409152
16.396444
16.358662
Media:	32.764761
Desvio:	16.378050

MergeSort Paralelo 2 threads:
8.618384
8.620492
8.624407
8.597705
8.624015
8.598100
8.616053
8.601048
8.641980
8.599409
Media:	41.378920
Desvio:	32.789748

MergeSort Paralelo 3 threads:
8.608315
8.594881
8.602207
8.608408
8.635553
8.609979
8.632403
8.606421
8.620284
8.624530
Media:	49.993218
Desvio:	41.418524

MergeSort Paralelo 4 threads:
4.977615
4.995871
4.964950
4.954456
4.995279
4.974246
4.974954
4.957734
4.979034
4.984882
Media:	54.969120
Desvio:	50.034627

MergeSort Paralelo 5 threads:
5.039785
5.384078
5.735977
5.083779
4.979271
4.990065
4.971311
4.966853
4.972548
4.977069
Media:	60.079194
Desvio:	55.015140

MergeSort Paralelo 6 threads:
4.962872
4.958704
4.956852
4.979527
4.986636
4.956619
4.969399
4.976352
4.988029
4.966500
Media:	65.049343
Desvio:	60.124963

MergeSort Paralelo 7 threads:
4.966002
4.955817
4.970770
4.969610
4.964079
4.978402
4.960789
4.964246
4.966377
4.964484
Media:	70.015400
Desvio:	65.095542

MergeSort Paralelo 8 threads:
3.998510
4.001216
4.010560
4.015299
4.033334
4.026519
4.021392
4.031333
4.009000
4.024521
Media:	74.032569
Desvio:	70.061873

MergeSort Paralelo 16 threads:
4.035106
3.984552
3.965320
4.028976
3.971176
4.040356
3.971895
3.955098
3.974265
4.000450
Media:	78.025288
Desvio:	74.079878
