Multiply Serial:
73.313664
72.398543
72.971634
73.781228
74.145609
73.451764
73.716977
73.853718
73.464393
71.797237
Media:	73.289477
Desvio:	0.682275

Multiply Paralelo 1 threads:
78.103266
78.527180
80.014330
79.099663
80.325073
79.855393
79.330771
78.096909
78.098838
78.704941
Media:	79.015636
Desvio:	0.798479
Multiply Paralelo 2 threads:
39.542044
40.086687
39.564125
39.720992
39.733060
39.685622
39.412716
39.197749
39.325838
39.346159
Media:	118.577136
Desvio:	79.016523
Multiply Paralelo 3 threads:
26.877378
27.210654
26.449739
26.869566
26.930993
26.375394
27.625435
27.577189
27.443324
26.549081
Media:	145.568011
Desvio:	118.611249
Multiply Paralelo 4 threads:
20.228151
20.219528
20.132561
20.108533
20.122904
20.030230
20.137312
20.265396
20.845695
21.683490
Media:	165.945391
Desvio:	145.609557
Multiply Paralelo 5 threads:
22.760854
22.539018
22.387072
22.347677
22.344455
22.348723
22.291384
22.829721
22.372531
22.460059
Media:	188.413540
Desvio:	165.989352
Multiply Paralelo 6 threads:
18.901841
19.215449
19.249106
19.134106
19.207390
19.099273
18.960636
18.974080
19.534942
19.653583
Media:	207.606581
Desvio:	188.457726
Multiply Paralelo 7 threads:
18.166584
18.183497
17.878033
17.861546
17.806968
18.304190
18.134685
17.809579
17.824004
18.143164
Media:	225.617806
Desvio:	207.652044
Multiply Paralelo 8 threads:
16.636040
17.062887
16.530186
16.815019
16.525176
16.803715
16.417367
16.778606
16.493951
16.731415
Media:	242.297242
Desvio:	225.663896
Multiply Paralelo 16 threads:
17.251703
17.487825
17.298439
17.376024
17.374068
17.619212
17.535268
