
QuickSort Paralelo 2 threads:
9.578607
9.057569
8.559405
9.657046
12.175863
9.065017
9.313526
9.279669
8.562838
8.804769
9.636367
9.938876
9.122439
9.222238
13.059355
13.241309
7.925008
7.644549
10.690171
11.280056
14.376869
9.035066
13.214396
12.747735
12.150980
14.107526
12.488535
8.051881
14.393921
12.453865
8.072681
14.132165
10.347829
11.312912
13.463582
9.515203
13.292760
10.774221
10.811115
9.884613
12.402327
8.947693
11.584985
13.612634
12.212892
8.034716
10.571994
9.977131
12.382562
9.450056
Media:	10.792390
Desvio:	1.972682

QuickSort Paralelo 3 threads:
12.935746
9.854952
8.132893
8.607921
9.590227
9.714077
8.429700
8.103908
11.816827
9.249195
7.655005
8.606202
8.751896
10.962661
12.007022
10.413803
9.437842
12.733237
8.572105
10.919721
10.691880
9.330087
13.335391
8.948553
12.698248
10.253109
7.575664
12.800697
11.242674
13.598911
12.217821
11.322183
13.097868
9.950914
11.145370
11.516965
12.685648
11.470303
14.014385
9.377502
7.716647
13.080796
8.619325
13.044821
8.104558
9.130901
12.476917
10.138851
13.047936
11.013359
Media:	10.602864
Desvio:	1.865552

QuickSort Paralelo 4 threads:
11.573243
7.992744
6.747562
11.515328
5.593179
11.664758
7.167426
9.893711
12.782234
9.102827
6.898626
8.376890
8.206241
12.264850
7.908127
8.370037
10.006647
8.767382
8.304675
6.508770
5.255953
6.892225
10.512502
9.111884
7.315368
13.250101
7.253847
7.303010
8.605201
9.006649
6.503179
11.114720
8.635065
6.952325
9.638112
9.788666
7.912250
7.125940
6.435503
8.332309
7.089633
6.016135
9.059469
8.708426
6.731554
6.487070
6.627516
5.824801
8.506201
10.436862
Media:	8.441555
Desvio:	1.926531

QuickSort Paralelo 5 threads:
5.869424
9.495138
7.014231
5.280644
5.837486
10.789124
7.359088
8.339936
8.493233
8.320443
6.778271
8.244446
8.700296
9.507883
6.517726
9.233652
6.507145
7.898057
8.697392
6.418847
7.132094
6.425126
6.364080
6.395179
6.023681
6.178053
7.247054
10.231243
8.874499
8.706294
6.703502
12.287576
12.763121
5.811965
7.559006
7.955417
8.680691
9.756928
11.449453
7.977005
6.504002
10.477087
7.589630
5.739276
9.006821
8.491803
6.087129
6.980103
10.115501
6.927935
Media:	7.954874
Desvio:	1.757795

QuickSort Paralelo 6 threads:
5.674907
6.333244
6.668752
7.641764
9.763334
11.380250
5.064545
8.893853
9.070075
9.501056
10.902078
5.192424
6.725825
8.175125
5.872571
8.938382
6.807406
9.164826
5.631880
11.196145
7.978120
10.978237
5.770089
6.934964
9.001236
8.585218
4.396704
5.541603
8.115153
8.137741
10.118240
6.668309
8.554441
10.167985
6.548254
9.173632
10.704572
8.982944
6.625456
7.537092
10.129482
6.653046
5.694197
9.340727
6.554058
9.004363
5.899852
6.574300
7.047533
7.686609
Media:	7.874052
Desvio:	1.816024

QuickSort Paralelo 7 threads:
7.246393
8.575781
9.547433
5.168085
5.899734
6.002957
8.559238
12.641634
6.069907
6.232766
5.706879
6.836143
10.221222
5.246211
8.428783
6.366669
6.107563
7.558614
6.333169
8.138346
5.169425
8.769797
9.477412
9.934530
6.825396
6.454132
12.100918
8.008094
6.142318
9.952335
7.884987
8.119309
5.091222
6.810120
6.617094
9.928854
8.232454
7.975883
6.436893
11.431611
7.178329
7.624556
9.384591
10.307635
10.466480
6.494470
6.258801
7.080172
10.762102
10.544867
Media:	7.887046
Desvio:	1.922160

QuickSort Paralelo 8 threads:
6.565925
5.518933
5.247231
9.162854
9.102327
8.129851
8.169969
4.842959
5.267506
7.005695
8.824324
7.734948
5.894853
6.740924
5.614189
4.244740
5.449274
4.801004
5.192270
6.166601
5.321798
4.805968
8.834928
9.035564
*1072.480699 [removido para elaborar o gráfico - média ajustada]
5.302044
5.147971
9.410651
10.115850
10.590171
5.866807
7.777781
6.084935
6.449663
5.615239
6.075688
6.026065
5.740336
6.986778
5.504331
8.009705
6.341171
5.139955
4.813030
9.149075
5.398201
6.538095
5.447507
5.701181
6.145465
Media:	27.910661
Desvio:	149.232794

QuickSort Paralelo 16 threads:
7.088219
6.873039
4.912714
5.484722
5.349256
5.126166
4.477054
5.534223
8.457402
11.200391
5.207291
5.823300
5.370426
6.917345
6.232743
4.761458
6.981668
4.190622
4.830799
5.016654
6.471829
4.584413
5.703870
4.319994
4.651261
6.773647
4.328328
5.858797
6.133650
5.378227
7.029682
4.631485
5.772092
5.507097
5.014202
5.181193
5.083417
4.865518
7.221104
7.310503
7.134813
4.932775
5.019131
5.353234
8.112149
4.905995
6.392031
5.451718
4.353854
4.065953
Media:	5.747549
Desvio:	2.161725
