Quick:
13.492042
0.995722583342
1.27263533169
1.20909835615
1.43311996638
1.35522900607
1.42039675815
1.37200611849
1.44008862516
1.53809731616

Merge:
16.377948
0.999459016222
1.90128229581
1.90125161679
3.2914530873
3.20503147313
3.29526297904
3.29797825518
4.07698755019
4.10196179989

Sum:
0.471678
0.954829228004
1.83363914849
2.66990065944
3.05895094555
2.83873180948
3.06391851688
3.47266355484
3.74743181295
3.63746992412

Multiply:
73.289477
0.927531317979
1.85254545455
2.71534275936
3.59660942673
3.2619276737
3.81854428384
4.06910007509
4.39400211134
4.21526719708
