MergeSort Serial:
17.866281
17.821966
17.830613
17.834212
17.917803
17.893108
17.824786
17.838082
17.838052
17.853409
Media:	17.851831
Desvio:	0.030050
MergeSort Paralelo 1 threads:
17.976702
18.129093
17.967937
17.966654
17.859019
17.866299
17.855184
17.858675
17.861895
17.873164
Media:	17.921462
Desvio:	0.100783
MergeSort Paralelo 2 threads:
9.541090
9.522406
9.525613
9.539537
9.528040
9.523799
9.531307
9.530469
9.528848
9.551082
Media:	9.532219
Desvio:	0.100755
MergeSort Paralelo 3 threads:
9.545512
9.545077
9.539986
9.541853
9.539705
9.552057
9.541961
9.548751
9.560504
9.544482
Media:	9.545989
Desvio:	0.100559
MergeSort Paralelo 4 threads:
5.370482
5.378638
5.373312
5.382427
5.363371
5.361296
5.388876
5.391672
5.380652
5.383466
Media:	5.377419
Desvio:	0.100742
MergeSort Paralelo 5 threads:
5.385386
5.377379
5.377234
5.368238
5.374211
5.382442
5.384025
5.361046
5.382809
5.371990
Media:	5.376476
Desvio:	0.100641
MergeSort Paralelo 6 threads:
5.372581
5.366477
5.373868
5.364474
5.369891
5.376740
5.386060
5.378455
5.395828
5.378436
Media:	5.376281
Desvio:	0.100710
MergeSort Paralelo 7 threads:
5.377499
5.374906
5.400599
5.379498
5.374910
5.375876
5.377544
5.360089
5.384854
5.364395
Media:	5.377017
Desvio:	0.100891
MergeSort Paralelo 8 threads:
4.360147
4.339219
4.356255
4.365776
4.354225
4.351880
4.363684
4.361638
4.351251
4.356092
Media:	4.356017
Desvio:	0.100707
MergeSort Paralelo 16 threads:
4.317051
4.316739
4.309208
4.346881
4.342368
4.306359
4.323149
4.340579
4.322850
4.338925
Media:	4.326411
Desvio:	0.101312
