Sum Serial:
0.489967
0.490326
0.489477
0.489852
0.490493
0.489999
0.489668
0.490690
0.489815
0.489809
Media:	0.490010
Desvio:	0.000361
Sum Paralelo 1 threads:
0.490595
0.489802
0.502326
0.495023
0.493314
0.491099
0.491824
0.491989
0.490932
0.505032
Media:	0.494194
Desvio:	0.007803
Sum Paralelo 2 threads:
0.257924
0.263323
0.254260
0.254542
0.255598
0.253830
0.254636
0.259742
0.254064
0.257434
Media:	0.256535
Desvio:	0.028087
Sum Paralelo 3 threads:
0.175505
0.172462
0.174052
0.178347
0.173850
0.175549
0.174346
0.177684
0.174568
0.172634
Media:	0.174900
Desvio:	0.053029
Sum Paralelo 4 threads:
0.138204
0.136847
0.137376
0.136586
0.136724
0.137244
0.136600
0.136194
0.136701
0.137372
Media:	0.136985
Desvio:	0.072823
Sum Paralelo 5 threads:
0.133695
0.133420
0.133590
0.133455
0.133685
0.133239
0.133571
0.133241
0.133746
0.133742
Media:	0.133538
Desvio:	0.085337
Sum Paralelo 6 threads:
0.130947
0.130490
0.130918
0.130680
0.130824
0.130438
0.130661
0.130514
0.131124
0.130658
Media:	0.130725
Desvio:	0.092378
Sum Paralelo 7 threads:
0.128468
0.128169
0.128613
0.128303
0.128489
0.129162
0.128427
0.128552
0.128639
0.128825
Media:	0.128565
Desvio:	0.096114
Sum Paralelo 8 threads:
0.126178
0.126173
0.127230
0.126622
0.127126
0.126308
0.126866
0.126221
0.126578
0.126351
Media:	0.126565
Desvio:	0.098038
Sum Paralelo 16 threads:
0.127026
0.126617
0.126749
0.126837
0.126804
0.126438
0.127472
0.126348
0.126658
0.126544
Media:	0.126749
Desvio:	0.099015
