QuickSort Serial:
13.482564
13.489294
13.447008
13.462037
13.561211
13.505212
13.438536
13.593504
13.555421
13.385628
Media:	13.492042
Desvio:	0.060400

QuickSort Paralelo 1 threads:
13.613086
13.442492
13.489282
13.411468
13.823342
13.708037
13.561153
13.583274
13.383188
13.484688
Media:	13.550001
Desvio:	0.130931

QuickSort Paralelo 2 threads:
9.475253
9.129694
10.314950
10.109791
9.947023
12.231824
10.775808
9.755814
14.230252
10.046147
Media:	10.601656
Desvio:	1.451436

QuickSort Paralelo 3 threads:
12.631486
9.922126
10.259870
13.142112
12.554199
10.937573
9.512914
9.290422
11.540737
11.796187
Media:	11.158763
Desvio:	1.311021

QuickSort Paralelo 4 threads:
8.690834
9.232020
10.799885
9.445254
9.766897
8.867156
9.618453
8.898392
8.413566
10.412082
Media:	9.414454
Desvio:	0.721526

QuickSort Paralelo 5 threads:
10.809159
7.994756
8.539809
8.807705
13.421271
11.315088
10.749094
8.840498
9.654378
9.423684
Media:	9.955544
Desvio:	1.549240

QuickSort Paralelo 6 threads:
9.314738
9.808563
8.805500
9.495376
7.933979
9.406506
10.205956
10.292650
10.193580
9.530992
Media:	9.498784
Desvio:	0.684231

QuickSort Paralelo 7 threads:
8.479084
8.009748
11.191717
8.624250
11.063243
10.155574
11.214569
10.661000
9.524999
9.413874
Media:	9.833806
Desvio:	1.137845

QuickSort Paralelo 8 threads:
8.844502
10.193284
8.838005
8.348957
11.611956
8.543029
8.339108
9.219423
10.214779
9.535928
Media:	9.368897
Desvio:	0.990774

QuickSort Paralelo 16 threads:
8.512252
8.228279
9.162043
8.906269
8.652222
9.442250
9.707636
8.855110
8.768409
7.484571
Media:	8.771904
Desvio:	0.594698
