Sum Serial:
0.448789
0.459272
0.520709
0.527884
0.452381
0.451364
0.460910
0.460511
0.466021
0.468935
Media:	0.471678
Desvio:	0.027030

Sum Paralelo 1 threads:
0.497647
0.490724
0.493431
0.489313
0.490584
0.492249
0.490937
0.496273
0.504139
0.494626
Media:	0.493992
Desvio:	0.004228

Sum Paralelo 2 threads:
0.257250
0.262771
0.258712
0.254703
0.256047
0.256553
0.255935
0.256441
0.254657
0.259287
Media:	0.257236
Desvio:	0.002330

Sum Paralelo 3 threads:
0.172799
0.203174
0.173247
0.174553
0.174568
0.174693
0.173634
0.172818
0.174974
0.172189
Media:	0.176665
Desvio:	0.008882

Sum Paralelo 4 threads:
0.148147
0.184550
0.152430
0.166568
0.145526
0.146283
0.144600
0.150291
0.160165
0.143399
Media:	0.154196
Desvio:	0.012294

Sum Paralelo 5 threads:
0.168003
0.180402
0.162043
0.163535
0.165795
0.172665
0.161964
0.161667
0.162181
0.163330
Media:	0.166158
Desvio:	0.005781

Sum Paralelo 6 threads:
0.152337
0.155678
0.153939
0.153687
0.154776
0.154791
0.152078
0.156876
0.153189
0.152113
Media:	0.153946
Desvio:	0.001519

Sum Paralelo 7 threads:
0.137773
0.143003
0.140452
0.132814
0.136922
0.133213
0.133920
0.133940
0.132700
0.133522
Media:	0.135826
Desvio:	0.003407

Sum Paralelo 8 threads:
0.123157
0.125637
0.125965
0.133028
0.123665
0.123323
0.122922
0.130806
0.125568
0.124601
Media:	0.125867
Desvio:	0.003237

Sum Paralelo 16 threads:
0.124127
0.123952
0.127722
0.142853
0.128344
0.125905
0.130237
0.130101
0.130896
0.132586
Media:	0.129672
Desvio:	0.005172
